pp=2
RsIM=25.223
RrIM=23.004
LsIM=0.534
LrIM=0.534
LmIM=0.487
JIM=0.000303
TmIM=0.843
P_nom=250
I_nom=0.9
U_nom=230
f_nom=50
I_meas=0.9
T_meas=1
N_req=5000
I_max=8
UDC_max=433
UDC_trip=346.4
UDC_under=173.2
UDC_over=368.1
N_over=4950
N_min=300
N_max=1500
UmaxCoeff=1.73205
POSPE_Ts=0.0001
ENC_P=3600
RES_PP=1
CALIB_T=0.2
FAULT_T=5
FREEWHEEL_T=2
CLOOP_Ts=0.0001
CLOOP_F0=150
CLOOP_Att=1
CLOOP_LIM=90
FL_MTPA_MIN=0.27
FL_MTPA_MAX=0.9
FL_MTPA_FILT_FRQ=10
FL_STARTUP_MIN_PCT=95
FL_FW_MIN=0.27
FL_FW_F0=0.25
FL_FW_IQERR_FILT_FRQ=10
FL_STARTUP=0.9
SLOOP_Ts=0.001
SLOOP_F0=2
SLOOP_Att=1
SLOOP_Beta=1
SLOOP_PI_MAN_EN=0
SLOOP_KP_MAN=0.001
SLOOP_KI_MAN=0.005
SL_HIGH_LIM=0.9
SL_LOW_LIM=-0.9
RAMP_ACC=6000
RAMP_JRK=30000
RAMP_DUR=0.05
SPEED_MAF=2
SPEED_IIR_FREQ=10
SL_HIGH_LIM=0.9
SL_LOW_LIM=-0.9
RFO_KpGain=25
RFO_KiGain=0.01
CoeffRFO=1
MRAS_KpGain=32750
MRAS_KiGain=12500
MRAS_f0=51
RSESTIM_KpGain=1.0
RSESTIM_KiGain=0.01
RSESTIM_max=200.0
RSESTIM_min=-25.0
TO_F0=12
TO_Att=1
ATO_F0=75
ATO_Att=1
SCALAR_Factor=100
HW_board=0
Rs_calib=6.4
I_calib=2
ProjectPath=
FSL_HW_CalibTable_size=65
FSL_HW_CalibTable=-0.02438755706 -0.024389325641 -0.024496214464 -0.024300149642 -0.024360423907 -0.024334873073 -0.024215338752 -0.024241255596 -0.024351231754 -0.024312234484 -0.024379289709 -0.024411707186 -0.024254040793 -0.024286238477 -0.024238632992 -0.024360177107 -0.024284066632 -0.024148409255 -0.023997562938 -0.023730249145 -0.023658932187 -0.023456010036 -0.022910746745 -0.022693086416 -0.022114003077 -0.021814812906 -0.020828419365 -0.019776084461 -0.018047420308 -0.015294521581 -0.012150357943 -0.00731915352 0 0.00731915352 0.012150357943 0.015294521581 0.018047420308 0.019776084461 0.020828419365 0.021814812906 0.022114003077 0.022693086416 0.022910746745 0.023456010036 0.023658932187 0.023730249145 0.023997562938 0.024148409255 0.024284066632 0.024360177107 0.024238632992 0.024286238477 0.024254040793 0.024411707186 0.024379289709 0.024312234484 0.024351231754 0.024241255596 0.024215338752 0.024334873073 0.024360423907 0.024300149642 0.024496214464 0.024389325641 0.02438755706  
User_HW_CalibTable_size=65
User_HW_CalibTable=-0.02438755706 -0.024389325641 -0.024496214464 -0.024300149642 -0.024360423907 -0.024334873073 -0.024215338752 -0.024241255596 -0.024351231754 -0.024312234484 -0.024379289709 -0.024411707186 -0.024254040793 -0.024286238477 -0.024238632992 -0.024360177107 -0.024284066632 -0.024148409255 -0.023997562938 -0.023730249145 -0.023658932187 -0.023456010036 -0.022910746745 -0.022693086416 -0.022114003077 -0.021814812906 -0.020828419365 -0.019776084461 -0.018047420308 -0.015294521581 -0.012150357943 -0.00731915352 0 0.00731915352 0.012150357943 0.015294521581 0.018047420308 0.019776084461 0.020828419365 0.021814812906 0.022114003077 0.022693086416 0.022910746745 0.023456010036 0.023658932187 0.023730249145 0.023997562938 0.024148409255 0.024284066632 0.024360177107 0.024238632992 0.024286238477 0.024254040793 0.024411707186 0.024379289709 0.024312234484 0.024351231754 0.024241255596 0.024215338752 0.024334873073 0.024360423907 0.024300149642 0.024496214464 0.024389325641 0.02438755706  
=undefined