pp=4
Rs=0.72
Ld=0.000326
Lq=0.000294
ke=0.0393
kt=0.01217
J=0.000017
I_ph=2
U_ph=15
N_req=4000
I_max=8.25
UDC_max=60.8
UDC_trip=28
UDC_under=16
UDC_over=30
N_over=4399
N_min=300
N_max=4400
UmaxCoeff=1.73205
E_max=15.1
E_block=1.4
E_block_per=2000
POSPE_Ts=0.0001
ENC_P=1000
ENC_DIR=1
ENC_N_MIN=0.0
RES_PP=1
ALIGN_U=1.2
ALIGN_I=0.2
ALIGN_T=0.4
CALIB_T=0.2
FAULT_T=6
FREEWHEEL_T=1.5
CLOOP_Ts=0.0001
CLOOP_F0=288
CLOOP_Att=1
CLOOP_LIM=90
SLOOP_Ts=0.001
SLOOP_F0=28
SLOOP_Att=1
SLOOP_PI_MAN_EN=0
SLOOP_KP_MAN=0.003
SLOOP_KI_MAN=0.09
PLOOP_KP_MAN=0.12
RAMP_UP=10000
RAMP_DOWN=10000
SPEED_MAF=2
SPEED_IIR_FREQ=100
SL_HIGH_LIM=2
SL_LOW_LIM=-2
BEMF_DQ_F0=300
BEMF_DQ_Att=1
TO_F0=70
TO_Att=1
STARTUP_RAMP=3000
STARTUP_CURRENT=0.65
STARTUP_MERG_SPEED=500
STARTUP_MERG_COEFF=100
ATO_F0=100
ATO_Att=1
SCALAR_Factor=100
HW_board=0
Rs_calib=0.5
I_calib=2
Id_meas=1.5
Id_ampl=0.9
Freq_start=1000
Freq_min=200
Ud_inc=0.5
Freq_dec=100
T_meas=0.05
ProjectPath=
FSL_HW_CalibTable_size=65
FSL_HW_CalibTable_range=2
FSL_HW_CalibTable=-0.007988878061 -0.00779056549 -0.007562926738 -0.007455819985 -0.007204788039 -0.007132018451 -0.006894042949 -0.00672538043 -0.006570946658 -0.006581801921 -0.006290676771 -0.006268252619 -0.006004346302 -0.005851386348 -0.00580769172 -0.005697534653 -0.005519124214 -0.005341505399 -0.005210382399 -0.005029341905 -0.005001538899 -0.004815006862 -0.004722529324 -0.004567054333 -0.004414714407 -0.004248617449 -0.004089549417 -0.00388170057 -0.003591187182 -0.003200998181 -0.002399129734 -0.001029098872 0 0.001029098872 0.002399129734 0.003200998181 0.003591187182 0.00388170057 0.004089549417 0.004248617449 0.004414714407 0.004567054333 0.004722529324 0.004815006862 0.005001538899 0.005029341905 0.005210382399 0.005341505399 0.005519124214 0.005697534653 0.00580769172 0.005851386348 0.006004346302 0.006268252619 0.006290676771 0.006581801921 0.006570946658 0.00672538043 0.006894042949 0.007132018451 0.007204788039 0.007455819985 0.007562926738 0.00779056549 0.007988878061 
User_HW_CalibTable_size=65
User_HW_CalibTable_range=2
User_HW_CalibTable=-0.005960119656 -0.006392912474 -0.006886120188 -0.007377797971 -0.007845331216 -0.008256314788 -0.008781401906 -0.00921519706 -0.009729488753 -0.01018631924 -0.010681183078 -0.011122177821 -0.011680345982 -0.012146882247 -0.012658443768 -0.013151178137 -0.013644617517 -0.014139929786 -0.014550731517 -0.015062866733 -0.015498936176 -0.015947922133 -0.016412585043 -0.016871503555 -0.017303049564 -0.017761634663 -0.018195541575 -0.018708999269 -0.01902853977 -0.019179149531 -0.018865099177 -0.011328113964 0 0.011328113964 0.018865099177 0.019179149531 0.01902853977 0.018708999269 0.018195541575 0.017761634663 0.017303049564 0.016871503555 0.016412585043 0.015947922133 0.015498936176 0.015062866733 0.014550731517 0.014139929786 0.013644617517 0.013151178137 0.012658443768 0.012146882247 0.011680345982 0.011122177821 0.010681183078 0.01018631924 0.009729488753 0.00921519706 0.008781401906 0.008256314788 0.007845331216 0.007377797971 0.006886120188 0.006392912474 0.005960119656 
=undefined   