pp=4
Rs=1.45
Ld=0.00606
Lq=0.005762
ke=0.1135
kt=0.07928
J=0.0000016
I_ph=2
U_ph=200
N_req=4000
I_max=8
UDC_max=433
UDC_trip=346.4
UDC_under=173.2
UDC_over=346.4
N_over=4180
N_min=400
N_max=4400
UmaxCoeff=1.73205
E_max=50
E_block=7
E_block_per=2000
POSPE_Ts=0.0001
ENC_P=1000
ENC_DIR=1
ENC_N_MIN=0.0
RES_PP=1
ALIGN_U=12.7
ALIGN_I=0.2
ALIGN_T=0.8
CALIB_T=0.2
FAULT_T=3
FREEWHEEL_T=1
CLOOP_Ts=0.0001
CLOOP_F0=280
CLOOP_Att=1
CLOOP_LIM=90
SLOOP_Ts=0.001
SLOOP_F0=10
SLOOP_Att=1
SLOOP_PI_MAN_EN=0
SLOOP_KP_MAN=0.003
SLOOP_KI_MAN=0.09
PLOOP_KP_MAN=0.12
RAMP_UP=10000
RAMP_DOWN=10000
SPEED_MAF=4
SPEED_IIR_FREQ=100
SL_HIGH_LIM=2
SL_LOW_LIM=-2
BEMF_DQ_F0=280
BEMF_DQ_Att=1
TO_F0=25
TO_Att=1
STARTUP_RAMP=1500
STARTUP_CURRENT=0.2
STARTUP_MERG_SPEED=500
STARTUP_MERG_COEFF=100
ATO_F0=100
ATO_Att=1
SCALAR_Factor=100
HW_board=0
Rs_calib=1.18
I_calib=2
Id_meas=1.8
Id_ampl=0.8
Freq_start=999
Freq_min=400
Ud_inc=10
Freq_dec=100
T_meas=0.02
ProjectPath=
FSL_HW_CalibTable_size=65
FSL_HW_CalibTable_range=2
FSL_HW_CalibTable=-0.02438755706 -0.024389325641 -0.024496214464 -0.024300149642 -0.024360423907 -0.024334873073 -0.024215338752 -0.024241255596 -0.024351231754 -0.024312234484 -0.024379289709 -0.024411707186 -0.024254040793 -0.024286238477 -0.024238632992 -0.024360177107 -0.024284066632 -0.024148409255 -0.023997562938 -0.023730249145 -0.023658932187 -0.023456010036 -0.022910746745 -0.022693086416 -0.022114003077 -0.021814812906 -0.020828419365 -0.019776084461 -0.018047420308 -0.015294521581 -0.012150357943 -0.00731915352 0 0.00731915352 0.012150357943 0.015294521581 0.018047420308 0.019776084461 0.020828419365 0.021814812906 0.022114003077 0.022693086416 0.022910746745 0.023456010036 0.023658932187 0.023730249145 0.023997562938 0.024148409255 0.024284066632 0.024360177107 0.024238632992 0.024286238477 0.024254040793 0.024411707186 0.024379289709 0.024312234484 0.024351231754 0.024241255596 0.024215338752 0.024334873073 0.024360423907 0.024300149642 0.024496214464 0.024389325641 0.02438755706  
User_HW_CalibTable_size=65
User_HW_CalibTable_range=2
User_HW_CalibTable=-0.02438755706 -0.024389325641 -0.024496214464 -0.024300149642 -0.024360423907 -0.024334873073 -0.024215338752 -0.024241255596 -0.024351231754 -0.024312234484 -0.024379289709 -0.024411707186 -0.024254040793 -0.024286238477 -0.024238632992 -0.024360177107 -0.024284066632 -0.024148409255 -0.023997562938 -0.023730249145 -0.023658932187 -0.023456010036 -0.022910746745 -0.022693086416 -0.022114003077 -0.021814812906 -0.020828419365 -0.019776084461 -0.018047420308 -0.015294521581 -0.012150357943 -0.00731915352 0 0.00731915352 0.012150357943 0.015294521581 0.018047420308 0.019776084461 0.020828419365 0.021814812906 0.022114003077 0.022693086416 0.022910746745 0.023456010036 0.023658932187 0.023730249145 0.023997562938 0.024148409255 0.024284066632 0.024360177107 0.024238632992 0.024286238477 0.024254040793 0.024411707186 0.024379289709 0.024312234484 0.024351231754 0.024241255596 0.024215338752 0.024334873073 0.024360423907 0.024300149642 0.024496214464 0.024389325641 0.02438755706  
=undefined