pp=2
Rs=0.47
Ld=0.000385
Lq=0.00043
ke=0.0152
kt=0.01217
J=0.000016
I_ph=2
U_ph=15
N_req=4000
I_max=8
UDC_max=36.3
UDC_trip=28
UDC_under=16
UDC_over=30
N_over=4300
N_min=500
N_max=4400
UmaxCoeff=1.73205
E_max=15.1
E_block=1.4
E_block_per=2000
POSPE_Ts=0.0001
ENC_P=1000
ENC_DIR=1
ENC_N_MIN=0.0
RES_PP=1
ALIGN_U=1.2
ALIGN_I=0.2
ALIGN_T=0.4
CALIB_T=0.2
FAULT_T=6
FREEWHEEL_T=1.5
CLOOP_Ts=0.0001
CLOOP_F0=280
CLOOP_Att=1
CLOOP_LIM=90
SLOOP_Ts=0.001
SLOOP_F0=20
SLOOP_Att=1
SLOOP_PI_MAN_EN=1
SLOOP_KP_MAN=0.005
SLOOP_KI_MAN=0.05
PLOOP_KP_MAN=0.12
RAMP_UP=10000
RAMP_DOWN=10000
SPEED_MAF=4
SPEED_IIR_FREQ=100
SL_HIGH_LIM=3
SL_LOW_LIM=-3
BEMF_DQ_F0=300
BEMF_DQ_Att=1
TO_F0=20
TO_Att=1
STARTUP_RAMP=3000
STARTUP_CURRENT=0.65
STARTUP_MERG_SPEED=500
STARTUP_MERG_COEFF=100
ATO_F0=100
ATO_Att=1
SCALAR_Factor=100
HW_board=0
Rs_calib=0.5
I_calib=2
Id_meas=0.9
Id_ampl=0.9
Freq_start=1000
Freq_min=400
Ud_inc=0.5
Freq_dec=100
T_meas=0.05
ProjectPath=
FSL_HW_CalibTable_size=65
FSL_HW_CalibTable_range=2
FSL_HW_CalibTable=-0.00926601002 -0.009148654528 -0.008945454844 -0.008840277791 -0.008609248791 -0.00854493212 -0.008354526945 -0.008215304464 -0.008049132302 -0.007899219636 -0.007797356695 -0.007549701026 -0.007401908282 -0.007295607357 -0.007103167707 -0.007066268707 -0.006906283787 -0.00662427838 -0.006543888245 -0.006448762026 -0.006299329922 -0.006162437843 -0.005924309604 -0.005792210112 -0.005671189866 -0.005399213871 -0.005283729173 -0.004988321336 -0.004715438234 -0.004331049859 -0.003539063968 -0.001855159994 0 0.001855159994 0.003539063968 0.004331049859 0.004715438234 0.004988321336 0.005283729173 0.005399213871 0.005671189866 0.005792210112 0.005924309604 0.006162437843 0.006299329922 0.006448762026 0.006543888245 0.00662427838 0.006906283787 0.007066268707 0.007103167707 0.007295607357 0.007401908282 0.007549701026 0.007797356695 0.007899219636 0.008049132302 0.008215304464 0.008354526945 0.00854493212 0.008609248791 0.008840277791 0.008945454844 0.009148654528 0.00926601002 
User_HW_CalibTable_size=65
User_HW_CalibTable_range=2
User_HW_CalibTable=-0.00926601002 -0.009148654528 -0.008945454844 -0.008840277791 -0.008609248791 -0.00854493212 -0.008354526945 -0.008215304464 -0.008049132302 -0.007899219636 -0.007797356695 -0.007549701026 -0.007401908282 -0.007295607357 -0.007103167707 -0.007066268707 -0.006906283787 -0.00662427838 -0.006543888245 -0.006448762026 -0.006299329922 -0.006162437843 -0.005924309604 -0.005792210112 -0.005671189866 -0.005399213871 -0.005283729173 -0.004988321336 -0.004715438234 -0.004331049859 -0.003539063968 -0.001855159994 0 0.001855159994 0.003539063968 0.004331049859 0.004715438234 0.004988321336 0.005283729173 0.005399213871 0.005671189866 0.005792210112 0.005924309604 0.006162437843 0.006299329922 0.006448762026 0.006543888245 0.00662427838 0.006906283787 0.007066268707 0.007103167707 0.007295607357 0.007401908282 0.007549701026 0.007797356695 0.007899219636 0.008049132302 0.008215304464 0.008354526945 0.00854493212 0.008609248791 0.008840277791 0.008945454844 0.009148654528 0.00926601002 
=undefined   